plot	gid	female	male	type	N	rep	row	col	SDM	SRA	NAE
1	1	1	1	parent	low	1	1	1	0.311	0.119	0.275
2	1	1	1	parent	low	2	1	2	0.136	0.133	0.113
3	1	1	1	parent	ideal	1	1	3	0.593	0.119	0.067
4	1	1	1	parent	ideal	2	1	4	0.416	0.138	0.053
5	2	2	2	parent	low	1	2	1	0.394	0.119	0.32
6	2	2	2	parent	low	2	2	2	0.449	0.107	0.408
7	2	2	2	parent	ideal	1	2	3	0.763	0.097	0.08
8	2	2	2	parent	ideal	2	2	4	1.03	0.129	0.127
9	3	3	3	parent	low	1	3	1	0.336	0.111	0.28
10	3	3	3	parent	low	2	3	2	0.182	0.092	0.182
11	3	3	3	parent	ideal	1	3	3	0.488	0.106	0.046
12	3	3	3	parent	ideal	2	3	4	0.465	0.111	0.053
13	4	4	4	parent	low	1	4	1	0.191	0.15	0.171
14	4	4	4	parent	low	2	4	2	0.229	0.124	0.198
15	4	4	4	parent	ideal	1	4	3	0.542	0.115	0.044
16	4	4	4	parent	ideal	2	4	4	0.393	0.128	0.045
17	5	5	5	parent	low	1	5	1	0.2	0.132	0.183
18	5	5	5	parent	low	2	5	2	0.179	0.117	0.165
19	5	5	5	parent	ideal	1	5	3	0.549	0.128	0.054
20	5	5	5	parent	ideal	2	5	4	0.545	0.149	0.066
21	6	6	6	parent	low	1	6	1	0.252	0.104	0.189
22	6	6	6	parent	low	2	6	2	0.479	0.101	0.406
23	6	6	6	parent	ideal	1	6	3	0.792	0.107	0.081
24	6	6	6	parent	ideal	2	6	4	0.356	0.129	0.04
25	7	7	7	parent	low	1	7	1	0.166	0.145	0.159
26	7	7	7	parent	low	2	7	2	0.126	0.115	0.116
27	7	7	7	parent	ideal	1	7	3	0.34	0.113	0.035
28	7	7	7	parent	ideal	2	7	4	0.258	0.105	0.028
29	8	8	8	parent	low	1	8	1	0.172	0.114	0.096
30	8	8	8	parent	low	2	8	2	0.24	0.088	0.166
31	8	8	8	parent	ideal	1	8	3	0.345	0.087	0.033
32	8	8	8	parent	ideal	2	8	4	0.277	0.118	0.03
33	9	9	9	parent	low	1	9	1	0.142	0.119	0.1
34	9	9	9	parent	low	2	9	2	0.277	0.112	0.218
35	9	9	9	parent	ideal	1	9	3	0.506	0.107	0.054
36	9	9	9	parent	ideal	2	9	4	0.362	0.145	0.041
37	10	10	10	parent	low	1	10	1	0.32	0.131	0.125
38	10	10	10	parent	low	2	10	2	0.233	0.1	0.249
39	10	10	10	parent	ideal	1	10	3	0.427	0.105	0.044
40	10	10	10	parent	ideal	2	10	4	0.386	0.126	0.044
41	11	11	11	parent	low	1	11	1	0.132	0.141	0.109
42	11	11	11	parent	low	2	11	2	0.286	0.11	0.198
43	11	11	11	parent	ideal	1	11	3	0.425	0.095	0.037
44	11	11	11	parent	ideal	2	11	4	0.394	0.112	0.046
45	12	12	12	parent	low	1	12	1	0.177	0.138	0.16
46	12	12	12	parent	low	2	12	2	0.31	0.107	0.234
47	12	12	12	parent	ideal	1	12	3	0.453	0.107	0.045
48	12	12	12	parent	ideal	2	12	4	0.551	0.129	0.062
49	13	13	13	parent	low	1	13	1	0.172	0.125	0.182
50	13	13	13	parent	low	2	13	2	0.358	0.114	0.318
51	13	13	13	parent	ideal	1	13	3	0.543	0.111	0.048
52	13	13	13	parent	ideal	2	13	4	0.302	0.156	0.036
53	14	14	14	parent	low	1	14	1	0.145	0.112	0.133
54	14	14	14	parent	low	2	14	2	0.129	0.12	0.143
55	14	14	14	parent	ideal	1	14	3	0.116	0.112	0.013
56	14	14	14	parent	ideal	2	14	4	0.065	0.141	0.008
57	18	1	8	sc	low	1	15	1	0.437	0.121	0.318
58	18	1	8	sc	low	2	15	2	0.415	0.1	0.316
59	18	1	8	sc	ideal	1	15	3	0.963	0.117	0.105
60	18	1	8	sc	ideal	2	15	4	0.641	0.112	0.079
61	19	1	9	sc	low	1	16	1	0.412	0.102	0.312
62	19	1	9	sc	low	2	16	2	0.578	0.106	0.445
63	19	1	9	sc	ideal	1	16	3	1.166	0.096	0.108
64	19	1	9	sc	ideal	2	16	4	1.14	0.117	0.127
65	28	2	8	sc	low	1	17	1	0.386	0.114	0.264
66	28	2	8	sc	low	2	17	2	0.462	0.107	0.429
67	28	2	8	sc	ideal	1	17	3	0.825	0.109	0.084
68	28	2	8	sc	ideal	2	17	4	0.806	0.107	0.078
69	38	3	8	sc	low	1	18	1	0.486	0.13	0.349
70	38	3	8	sc	low	2	18	2	0.496	0.107	0.222
71	38	3	8	sc	ideal	1	18	3	0.836	0.125	0.073
72	38	3	8	sc	ideal	2	18	4	0.836	0.125	0.073
73	39	3	9	sc	low	1	19	1	0.486	0.13	0.349
74	39	3	9	sc	low	2	19	2	0.496	0.107	0.222
75	39	3	9	sc	ideal	1	19	3	0.637	0.12	0.058
76	39	3	9	sc	ideal	2	19	4	0.994	0.126	0.096
77	48	4	8	sc	low	1	20	1	0.378	0.12	0.278
78	48	4	8	sc	low	2	20	2	0.666	0.125	0.538
79	48	4	8	sc	ideal	1	20	3	1.07	0.135	0.095
80	48	4	8	sc	ideal	2	20	4	0.627	0.144	0.068
81	49	4	9	sc	low	1	21	1	0.5	0.117	0.34
82	49	4	9	sc	low	2	21	2	0.609	0.105	0.418
83	49	4	9	sc	ideal	1	21	3	1.015	0.102	0.089
84	49	4	9	sc	ideal	2	21	4	1.082	0.123	0.107
85	58	5	8	sc	low	1	22	1	0.497	0.123	0.409
86	58	5	8	sc	low	2	22	2	0.499	0.114	0.372
87	58	5	8	sc	ideal	1	22	3	1.139	0.121	0.109
88	58	5	8	sc	ideal	2	22	4	1.029	0.133	0.111
89	59	5	9	sc	low	1	23	1	0.363	0.127	0.231
90	59	5	9	sc	low	2	23	2	0.506	0.109	0.406
91	59	5	9	sc	ideal	1	23	3	1.1	0.119	0.103
92	59	5	9	sc	ideal	2	23	4	1.205	0.122	0.138
93	68	6	8	sc	low	1	24	1	0.282	0.14	0.227
94	68	6	8	sc	low	2	24	2	0.29	0.141	0.226
95	68	6	8	sc	ideal	1	24	3	0.437	0.159	0.046
96	68	6	8	sc	ideal	2	24	4	0.541	0.14	0.06
97	69	6	9	sc	low	1	25	1	0.423	0.126	0.327
98	69	6	9	sc	low	2	25	2	0.505	0.122	0.389
99	69	6	9	sc	ideal	1	25	3	1.042	0.132	0.124
100	69	6	9	sc	ideal	2	25	4	1.402	0.118	0.162
101	79	7	9	sc	low	1	26	1	0.38	0.128	0.267
102	79	7	9	sc	low	2	26	2	0.38	0.128	0.267
103	79	7	9	sc	ideal	1	26	3	0.847	0.144	0.099
104	79	7	9	sc	ideal	2	26	4	0.847	0.144	0.099
105	110	1	10	sc	low	1	27	1	0.488	0.121	0.379
106	110	1	10	sc	low	2	27	2	0.675	0.093	0.508
107	110	1	10	sc	ideal	1	27	3	0.69	0.108	0.062
108	110	1	10	sc	ideal	2	27	4	0.871	0.095	0.098
109	112	1	12	sc	low	1	28	1	0.553	0.111	0.38
110	112	1	12	sc	low	2	28	2	0.538	0.114	0.425
111	112	1	12	sc	ideal	1	28	3	1.069	0.127	0.107
112	112	1	12	sc	ideal	2	28	4	1.6	0.102	0.18
113	113	1	13	sc	low	1	29	1	0.388	0.13	0.27
114	113	1	13	sc	low	2	29	2	0.493	0.13	0.395
115	113	1	13	sc	ideal	1	29	3	1.072	0.118	0.095
116	113	1	13	sc	ideal	2	29	4	1.008	0.104	0.096
117	114	1	14	sc	low	1	30	1	0.511	0.101	0.392
118	114	1	14	sc	low	2	30	2	0.595	0.102	0.452
119	114	1	14	sc	ideal	1	30	3	1.335	0.095	0.125
120	114	1	14	sc	ideal	2	30	4	0.665	0.112	0.059
121	211	2	11	sc	low	1	31	1	0.508	0.111	0.388
122	211	2	11	sc	low	2	31	2	0.533	0.113	0.428
123	211	2	11	sc	ideal	1	31	3	1.044	0.121	0.102
124	211	2	11	sc	ideal	2	31	4	1.143	0.12	0.119
125	212	2	12	sc	low	1	32	1	0.496	0.117	0.364
126	212	2	12	sc	low	2	32	2	0.619	0.109	0.489
127	212	2	12	sc	ideal	1	32	3	0.951	0.121	0.096
128	212	2	12	sc	ideal	2	32	4	0.95	0.119	0.093
129	213	2	13	sc	low	1	33	1	0.431	0.115	0.292
130	213	2	13	sc	low	2	33	2	0.431	0.115	0.292
131	213	2	13	sc	ideal	1	33	3	0.925	0.097	0.088
132	213	2	13	sc	ideal	2	33	4	0.925	0.097	0.088
133	311	3	11	sc	low	1	34	1	0.371	0.122	0.206
134	311	3	11	sc	low	2	34	2	0.356	0.128	0.333
135	311	3	11	sc	ideal	1	34	3	0.854	0.117	0.088
136	311	3	11	sc	ideal	2	34	4	0.6	0.135	0.063
137	312	3	12	sc	low	1	35	1	0.267	0.114	0.187
138	312	3	12	sc	low	2	35	2	0.488	0.123	0.416
139	312	3	12	sc	ideal	1	35	3	0.562	0.146	0.059
140	312	3	12	sc	ideal	2	35	4	0.599	0.141	0.068
141	313	3	13	sc	low	1	36	1	0.236	0.113	0.177
142	313	3	13	sc	low	2	36	2	0.251	0.13	0.155
143	313	3	13	sc	ideal	1	36	3	0.51	0.106	0.055
144	313	3	13	sc	ideal	2	36	4	0.671	0.112	0.075
145	314	3	14	sc	low	1	37	1	0.372	0.126	0.268
146	314	3	14	sc	low	2	37	2	0.321	0.094	0.229
147	314	3	14	sc	ideal	1	37	3	0.737	0.135	0.073
148	314	3	14	sc	ideal	2	37	4	0.587	0.125	0.059
149	411	4	11	sc	low	1	38	1	0.377	0.103	0.277
150	411	4	11	sc	low	2	38	2	0.374	0.118	0.311
151	411	4	11	sc	ideal	1	38	3	0.978	0.099	0.096
152	411	4	11	sc	ideal	2	38	4	1.096	0.129	0.132
153	412	4	12	sc	low	1	39	1	0.658	0.099	0.443
154	412	4	12	sc	low	2	39	2	0.378	0.119	0.298
155	412	4	12	sc	ideal	1	39	3	0.513	0.115	0.045
156	412	4	12	sc	ideal	2	39	4	1.341	0.101	0.12
157	413	4	13	sc	low	1	40	1	0.322	0.123	0.231
158	413	4	13	sc	low	2	40	2	0.413	0.113	0.329
159	413	4	13	sc	ideal	1	40	3	0.623	0.123	0.056
160	413	4	13	sc	ideal	2	40	4	0.68	0.118	0.075
161	414	4	14	sc	low	1	41	1	0.257	0.115	0.193
162	414	4	14	sc	low	2	41	2	0.459	0.108	0.27
163	414	4	14	sc	ideal	1	41	3	0.786	0.123	0.085
164	414	4	14	sc	ideal	2	41	4	0.706	0.113	0.079
165	510	5	10	sc	low	1	42	1	0.407	0.121	0.298
166	510	5	10	sc	low	2	42	2	0.46	0.089	0.364
167	510	5	10	sc	ideal	1	42	3	0.732	0.115	0.081
168	510	5	10	sc	ideal	2	42	4	1.083	0.117	0.132
169	511	5	11	sc	low	1	43	1	0.394	0.108	0.28
170	511	5	11	sc	low	2	43	2	0.564	0.097	0.41
171	511	5	11	sc	ideal	1	43	3	1.004	0.107	0.102
172	511	5	11	sc	ideal	2	43	4	1.343	0.11	0.159
173	512	5	12	sc	low	1	44	1	0.635	0.12	0.45
174	512	5	12	sc	low	2	44	2	0.511	0.117	0.395
175	512	5	12	sc	ideal	1	44	3	1.159	0.144	0.122
176	512	5	12	sc	ideal	2	44	4	1.568	0.171	0.186
177	513	5	13	sc	low	1	45	1	0.508	0.13	0.373
178	513	5	13	sc	low	2	45	2	0.452	0.088	0.368
179	513	5	13	sc	ideal	1	45	3	0.996	0.134	0.09
180	513	5	13	sc	ideal	2	45	4	1.214	0.129	0.132
181	514	5	14	sc	low	1	46	1	0.423	0.141	0.284
182	514	5	14	sc	low	2	46	2	0.483	0.102	0.352
183	514	5	14	sc	ideal	1	46	3	0.906	0.126	0.072
184	514	5	14	sc	ideal	2	46	4	0.566	0.117	0.059
185	610	6	10	sc	low	1	47	1	0.393	0.101	0.345
186	610	6	10	sc	low	2	47	2	0.447	0.118	0.303
187	610	6	10	sc	ideal	1	47	3	1.052	0.131	0.11
188	610	6	10	sc	ideal	2	47	4	0.851	0.122	0.081
189	611	6	11	sc	low	1	48	1	0.459	0.102	0.281
190	611	6	11	sc	low	2	48	2	0.732	0.109	0.451
191	611	6	11	sc	ideal	1	48	3	1.356	0.131	0.149
192	611	6	11	sc	ideal	2	48	4	1.567	0.13	0.169
193	612	6	12	sc	low	1	49	1	0.364	0.122	0.336
194	612	6	12	sc	low	2	49	2	0.622	0.121	0.492
195	612	6	12	sc	ideal	1	49	3	1.105	0.163	0.115
196	612	6	12	sc	ideal	2	49	4	1.339	0.133	0.154
197	613	6	13	sc	low	1	50	1	0.397	0.105	0.289
198	613	6	13	sc	low	2	50	2	0.649	0.104	0.474
199	613	6	13	sc	ideal	1	50	3	1.102	0.17	0.107
200	613	6	13	sc	ideal	2	50	4	0.941	0.112	0.112
201	710	7	10	sc	low	1	51	1	0.425	0.101	0.301
202	710	7	10	sc	low	2	51	2	0.337	0.103	0.235
203	710	7	10	sc	ideal	1	51	3	0.575	0.136	0.068
204	710	7	10	sc	ideal	2	51	4	0.808	0.117	0.089
205	711	7	11	sc	low	1	52	1	0.394	0.104	0.266
206	711	7	11	sc	low	2	52	2	0.558	0.109	0.375
207	711	7	11	sc	ideal	1	52	3	0.844	0.154	0.091
208	711	7	11	sc	ideal	2	52	4	0.951	0.138	0.111
209	712	7	12	sc	low	1	53	1	0.375	0.128	0.286
210	712	7	12	sc	low	2	53	2	0.2	0.124	0.165
211	712	7	12	sc	ideal	1	53	3	1.002	0.158	0.126
212	712	7	12	sc	ideal	2	53	4	0.558	0.144	0.063
213	713	7	13	sc	low	1	54	1	0.32	0.12	0.24
214	713	7	13	sc	low	2	54	2	0.474	0.103	0.363
215	713	7	13	sc	ideal	1	54	3	0.972	0.171	0.12
216	713	7	13	sc	ideal	2	54	4	0.838	0.121	0.095
217	714	7	14	sc	low	1	55	1	0.377	0.093	0.239
218	714	7	14	sc	low	2	55	2	0.535	0.084	0.249
219	714	7	14	sc	ideal	1	55	3	0.674	0.125	0.082
220	714	7	14	sc	ideal	2	55	4	0.78	0.099	0.087